F(6,0)(7,0)(8,0)(9,0)(6,1)(7,1)(8,1)(9,1)(6,2)(7,2)(8,2)(9,2)
LW(0,0)(0,1)(0,2)(0,3)(0,0)(0,1)(0,2)(0,3)(0,0)(0,1)(0,2)(0,3)
BW(1,0)(2,0)(3,0)(4,0)(1,0)(2,0)(3,0)(4,0)(1,0)(2,0)(3,0)(4,0)
RW(5,0)(5,1)(5,2)(5,3)(5,0)(5,1)(5,2)(5,3)(5,0)(5,1)(5,2)(5,3)
FW(1,4)(2,4)(3,4)(4,4)(1,4)(2,4)(3,4)(4,4)(1,4)(2,4)(3,4)(4,4)
FLC(0,4)(0,4)(0,4)(0,4)(0,4)(0,4)(0,4)(0,4)(0,4)(0,4)(0,4)(0,4)
FRC(5,4)(5,4)(5,4)(5,4)(5,4)(5,4)(5,4)(5,4)(5,4)(5,4)(5,4)(5,4)
BDL(6,3)(6,3)(6,3)(6,3)(6,3)(6,3)(6,3)(6,3)(6,3)(6,3)(6,3)(6,3)
BDR(7,3)(7,3)(7,3)(7,3)(7,3)(7,3)(7,3)(7,3)(7,3)(7,3)(7,3)(7,3)
FDL(6,3)(6,3)(6,3)(6,3)(6,3)(6,3)(6,3)(6,3)(6,3)(6,3)(6,3)(6,3)
FDR(7,3)(7,3)(7,3)(7,3)(7,3)(7,3)(7,3)(7,3)(7,3)(7,3)(7,3)(7,3)
LDT(8,4)(8,4)(8,4)(8,4)(8,4)(8,4)(8,4)(8,4)(8,4)(8,4)(8,4)(8,4)
LDB(8,5)(8,5)(8,5)(8,5)(8,5)(8,5)(8,5)(8,5)(8,5)(8,5)(8,5)(8,5)
RDT(7,4)(7,4)(7,4)(7,4)(7,4)(7,4)(7,4)(7,4)(7,4)(7,4)(7,4)(7,4)
RDB(7,5)(7,5)(7,5)(7,5)(7,5)(7,5)(7,5)(7,5)(7,5)(7,5)(7,5)(7,5)