(6,0)(7,0)(8,0)(9,0)(6,1)(7,1)(8,1)(9,1)(6,2)(7,2)(8,2)(9,2)(6,0)(7,0)(8,0)(9,0)(6,1)(7,1)(8,1)(9,1)(6,2)(7,2)(8,2)(9,2)(6,0)
(6,0)(7,0)(8,0)(9,0)(6,1)(7,1)(8,1)(9,1)(6,2)(7,2)(8,2)(9,2)(6,0)(7,0)(8,0)(9,0)(6,1)(7,1)(8,1)(9,1)(6,2)(7,2)(8,2)(9,2)(6,0)
(6,0)(7,0)(8,0)(9,0)(6,1)(7,1)(8,1)(9,1)(6,2)(7,2)(8,2)(9,2)(6,0)(7,0)(8,0)(9,0)(6,1)(7,1)(8,1)(9,1)(6,2)(7,2)(8,2)(9,2)(6,0)
(6,0)(7,0)(8,0)(9,0)(6,1)(7,1)(8,1)(9,1)(6,2)(7,2)(8,2)(9,2)(6,0)(7,0)(8,0)(9,0)(6,1)(7,1)(8,1)(9,1)(6,2)(7,2)(8,2)(9,2)(6,0)
(6,0)(7,0)(8,0)(9,0)(6,1)(7,1)(8,1)(9,1)(6,2)(7,2)(8,2)(9,2)(6,0)(7,0)(8,0)(9,0)(6,1)(7,1)(8,1)(9,1)(6,2)(7,2)(8,2)(9,2)(6,0)
(6,0)(7,0)(8,0)(9,0)(6,1)(7,1)(8,1)(9,1)(6,2)(7,2)(8,2)(9,2)(6,0)(7,0)(8,0)(9,0)(6,1)(7,1)(8,1)(9,1)(6,2)(7,2)(8,2)(9,2)(6,0)
(6,0)(7,0)(8,0)(9,0)(6,1)(7,1)(8,1)(9,1)(6,2)(7,2)(8,2)(9,2)(6,0)(7,0)(8,0)(9,0)(6,1)(7,1)(8,1)(9,1)(6,2)(7,2)(8,2)(9,2)(6,0)
(6,0)(7,0)(8,0)(9,0)(6,1)(7,1)(8,1)(9,1)(6,2)(7,2)(8,2)(9,2)(6,0)(7,0)(8,0)(9,0)(6,1)(7,1)(8,1)(9,1)(6,2)(7,2)(8,2)(9,2)(6,0)
(6,0)(7,0)(8,0)(9,0)(6,1)(7,1)(8,1)(9,1)(6,2)(7,2)(8,2)(9,2)(6,0)(7,0)(8,0)(9,0)(6,1)(7,1)(8,1)(9,1)(6,2)(7,2)(8,2)(9,2)(6,0)
(6,0)(7,0)(8,0)(9,0)(6,1)(7,1)(8,1)(9,1)(6,2)(7,2)(8,2)(9,2)(6,0)(7,0)(8,0)(9,0)(6,1)(7,1)(8,1)(9,1)(6,2)(7,2)(8,2)(9,2)(6,0)
(6,0)(7,0)(8,0)(9,0)(6,1)(7,1)(8,1)(9,1)(6,2)(7,2)(8,2)(9,2)(6,0)(7,0)(8,0)(9,0)(6,1)(7,1)(8,1)(9,1)(6,2)(7,2)(8,2)(9,2)(6,0)
(6,0)(7,0)(8,0)(9,0)(6,1)(7,1)(8,1)(9,1)(6,2)(7,2)(8,2)(9,2)(6,0)(7,0)(8,0)(9,0)(6,1)(7,1)(8,1)(9,1)(6,2)(7,2)(8,2)(9,2)(6,0)
(6,0)(7,0)(8,0)(9,0)(6,1)(7,1)(8,1)(9,1)(6,2)(7,2)(8,2)(9,2)(6,0)(7,0)(8,0)(9,0)(6,1)(7,1)(8,1)(9,1)(6,2)(7,2)(8,2)(9,2)(6,0)
(6,0)(7,0)(8,0)(9,0)(6,1)(7,1)(8,1)(9,1)(6,2)(7,2)(8,2)(9,2)(6,0)(7,0)(8,0)(9,0)(6,1)(7,1)(8,1)(9,1)(6,2)(7,2)(8,2)(9,2)(6,0)
(6,0)(7,0)(8,0)(9,0)(6,1)(7,1)(8,1)(9,1)(6,2)(7,2)(8,2)(9,2)(6,0)(7,0)(8,0)(9,0)(6,1)(7,1)(8,1)(9,1)(6,2)(7,2)(8,2)(9,2)(6,0)
